8
S a
S aA
S bB
S #
A aA
A aS
B cS
B #

4 7
0 0 a
0 0 b
0 1 a
1 2 a
2 3 a
3 3 a
3 3 b
0
1
3


4 8
0 1 a
0 2 a
1 1 a
1 2 a
2 1 b
2 3 b
3 1 a
3 2 a
0
2
0 1

5 16
0 1 a
0 2 a
0 2 b
0 3 a
0 3 b
1 1 a
1 2 a
1 2 b
1 3 b
2 2 b
2 4 b
2 3 b
3 3 b
3 2 b
3 4 a
3 4 b
0
1
1

6 12
0 3 0
3 0 0
0 1 1
3 4 1
4 5 1
4 2 0
1 5 1
1 2 0
2 5 1
2 2 0
5 5 0
5 5 1
0
3
1 2 4

4 7
0 0 a
0 0 b
0 1 a
1 2 a
2 3 a
3 3 a
3 3 b
0
1
3

7 13
0 0 b
0 1 a
1 2 a
1 0 b
2 3 a
2 0 b
3 3 a
3 4 b
4 4 b
4 5 a
5 4 b
5 3 a
0 6 c
0
3
3 4 5

7 6
0 1 a
1 2 b
0 3 b
3 4 c
0 5 b
5 6 a
0
3
2 4 6

5 7
0 1 b
1 0 b
0 2 #
2 3 a
3 2 a
2 4 b
4 2 a
0
1
2