28
      100         100   0
      100      100000   0
      100    10000000   0
      100  2000000000   0
    10000         100   0
    10000      100000   0
    10000    10000000   0
    10000  2000000000   0
  1000000         100   0
  1000000     1000000   0
  1000000  2000000000   0
100000000         100   0
100000000     1000000   0
100000000  2000000000   0
      100         100   1
      100      100000   1
      100    10000000   1
      100  2000000000   1
    10000         100   1
    10000      100000   1
    10000    10000000   1
    10000  2000000000   1
  1000000         100   1
  1000000     1000000   1
  1000000  2000000000   1
100000000         100   1
100000000     1000000   1
100000000  2000000000   1